JASC-PAL
0100
48
0 0 0
222 222 222
157 67 112
156 148 156
172 164 172
147 98 127
189 180 189
148 122 139
168 72 114
161 69 113
171 73 118
139 139 139
156 148 156
180 172 180
197 189 197
205 197 213
0 0 0
222 222 222
157 67 112
156 148 156
172 164 172
147 98 127
189 180 189
148 122 139
168 72 114
161 69 113
171 73 118
139 139 139
156 148 156
180 172 180
197 189 197
205 197 213
0 0 0
123 205 164
189 255 230
139 222 180
156 238 197
172 255 213
0 0 0
213 49 0
255 222 139
213 106 57
246 180 16
255 197 90
0 0 0
0 0 0
0 0 0
0 0 0
